body:
  _armscye_depth: 17.0171
  _base_sleeve_balance: 35.0262
  _bust_line: 23.8819
  _hip_inclination: 3.600165
  _leg_length: 84.1757
  _shoulder_incl: 21.5282
  _waist_level: 107.9149
  arm_length: 52.6645
  arm_pose_angle: 34.7659
  armscye_depth: 14.5171
  back_width: 53.3164
  body_sample: 01516_straight
  bum_points: 17.7418
  bust: 112.486
  bust_line: 27.2021
  bust_points: 19.9803
  crotch_hip_diff: 10.0674
  head_l: 25.3633
  height: 170.27
  hip_back_width: 59.9052
  hip_inclination: 7.20033
  hips: 112.388
  hips_line: 23.7392
  leg_circ: 65.6617
  neck_w: 20.9471
  shoulder_incl: 21.5282
  shoulder_w: 37.0262
  underbust: 100.02
  vert_bust_line: 22.2218
  waist: 102.711
  waist_back_width: 47.0188
  waist_line: 36.9918
  waist_over_bust_line: 41.0926
  wrist: 17.8928
